0 0 1 1
1 1 2 10
2 10 1 11
3 11 2 20
4 20 1 21
5 21 2 30
6 30 1 31
7 31 2 40
8 40 1 41
9 41 2 42
10 42 2 51
11 51 2 60
12 60 1 60
13 60 1 60
14 60 1 61
15 61 2 70
16 70 1 71
17 71 2 80
18 80 0 80
19 80 0 80
20 80 0 80
21 80 0 80
22 80 0 80
23 80 0 80
24 80 0 80
25 80 0 80
26 80 0 80
27 80 0 80
28 80 0 80
29 80 0 80
30 80 0 80
31 80 0 80
32 80 0 80
33 80 0 80
34 80 0 80
35 80 0 80
36 80 0 80
37 80 0 80
38 80 0 80
39 80 0 80
40 80 0 80
41 80 0 80
42 80 0 80
43 80 0 80
44 80 0 80
45 80 0 80
46 80 0 80
47 80 0 80
48 80 0 80
49 80 0 80
50 80 0 80
51 80 0 80
52 80 0 80
53 80 0 80
54 80 0 80
55 80 0 80
56 80 0 80
57 80 0 80
58 80 0 80
59 80 0 80
60 80 0 80
61 80 0 80
62 80 0 80
0 0 1 1
1 1 2 10
2 10 1 11
3 11 2 20
4 20 1 21
5 21 2 30
6 30 2 39
7 39 1 40
8 40 2 39
9 39 1 39
10 39 1 40
11 40 2 41
12 41 2 50
13 50 2 59
14 59 1 60
15 60 2 61
16 61 2 60
17 60 2 69
18 69 1 69
19 69 1 70
20 70 1 71
21 71 2 80
22 80 0 80
23 80 0 80
24 80 0 80
25 80 0 80
26 80 0 80
27 80 0 80
28 80 0 80
29 80 0 80
30 80 0 80
31 80 0 80
32 80 0 80
33 80 0 80
34 80 0 80
35 80 0 80
36 80 0 80
37 80 0 80
38 80 0 80
39 80 0 80
40 80 0 80
41 80 0 80
42 80 0 80
43 80 0 80
44 80 0 80
45 80 0 80
46 80 0 80
47 80 0 80
48 80 0 80
49 80 0 80
50 80 0 80
51 80 0 80
52 80 0 80
53 80 0 80
54 80 0 80
55 80 0 80
56 80 0 80
57 80 0 80
58 80 0 80
